173 -81.5 113.239463806 7.1573381424
173.5 -81.5 113.414970398 6.99698400497
174 -81.5 113.521705627 6.85930252075
174.5 -81.5 113.571105957 6.74223804474
175 -81.5 113.568435669 6.64012432098
175.5 -81.5 113.515144348 6.55033922195
176 -81.5 113.415733337 6.47149515152
176.5 -81.5 113.276496887 6.4005856514
177 -81.5 113.100227356 6.33760738373
177.5 -81.5 112.887275696 6.28096818924
178 -81.5 112.642196655 6.22944736481
178.5 -81.5 112.371315002 6.18043708801
179 -81.5 112.077079773 6.13319444656
179.5 -81.5 111.76348877 6.08453559875
173 -82 111.659416199 7.88222360611
173.5 -82 112.053833008 7.65394687653
174 -82 112.376724243 7.45376968384
174.5 -82 112.6326828 7.27885913849
175 -82 112.82056427 7.12723636627
175.5 -82 112.951118469 6.99556732178
173 -82.5 108.417350769 9.23519897461
173.5 -82.5 109.103530884 8.93039226532
173 -83.5 92.0832748413 13.9382371902
173 -84 82.4626922607 16.2802352905
173.5 -84 83.0865249634 16.2076148987
174 -84 83.7047119141 16.1359519958
174.5 -84 84.3131484985 16.0655899048
173 -84.5 77.5353240967 17.4811401367
173.5 -84.5 77.8441848755 17.5049667358
174 -84.5 78.1593704224 17.5281600952
174.5 -84.5 78.4807052612 17.5509300232
175 -84.5 78.806098938 17.5730953217
175.5 -84.5 79.1335220337 17.5946769714
176 -84.5 79.4631729126 17.615486145
176.5 -84.5 79.7916870117 17.6350040436
177 -84.5 80.1180725098 17.6527385712
177.5 -84.5 80.4431152344 17.6680450439
178 -84.5 80.766242981 17.6812896729
178.5 -84.5 81.088973999 17.6917629242
179 -84.5 81.4123382568 17.6991920471
179.5 -84.5 81.7322845459 17.7045001984
