278.5 -78 81.8974075317 18.3268470764
279 -78 81.7098846436 18.3198108673
279.5 -78 81.4654846191 18.3142414093
280 -78 81.1530761719 18.3055839539
280.5 -78 80.7735519409 18.291097641
281 -78 80.3330917358 18.2701511383
281.5 -78 79.8315811157 18.2386875153
282 -78 79.2801361084 18.1978149414
282.5 -78 78.698638916 18.1477966309
283 -78 78.1089859009 18.0914173126
283.5 -78 77.5320510864 18.0316524506
284 -78 77.0018081665 17.9763526917
284.5 -78 76.5315856934 17.9273891449
274.5 -78.5 86.5648422241 18.4968986511
275 -78.5 86.6006393433 18.4520778656
275.5 -78.5 86.7118835449 18.3960800171
276 -78.5 86.8782501221 18.3340969086
276.5 -78.5 87.0716171265 18.2686958313
277 -78.5 87.2700500488 18.2044487
277.5 -78.5 87.4491119385 18.1415557861
278 -78.5 87.5770187378 18.0825843811
278.5 -78.5 87.6545639038 18.0283679962
279 -78.5 87.6700973511 17.9807014465
279.5 -78.5 87.6110534668 17.9390621185
280 -78.5 87.4715805054 17.9034690857
280.5 -78.5 87.2508850098 17.8729038239
281 -78.5 86.9518585205 17.8453388214
281.5 -78.5 86.5765533447 17.8200302124
282 -78.5 86.1398162842 17.7971744537
282.5 -78.5 85.6529083252 17.7786521912
283 -78.5 85.1357879639 17.7660179138
283.5 -78.5 84.5928192139 17.7581424713
284 -78.5 84.0457458496 17.7586307526
284.5 -78.5 83.5074768066 17.7705173492
285 -78.5 82.9959869385 17.7957420349
285.5 -78.5 82.5301742554 17.8379878998
286 -78.5 82.1094360352 17.8945159912
286.5 -78.5 81.7395858765 17.9636440277
287 -78.5 81.41822052 18.0425777435
287.5 -78.5 81.1580505371 18.1320762634
288 -78.5 80.9591827393 18.2252025604
288.5 -78.5 80.819519043 18.3204956055
273 -79 87.3537216187 18.2494430542
273.5 -79 87.2553863525 18.2447662354
274 -79 87.3172149658 18.2183017731
274.5 -79 87.5133285522 18.1752872467
275 -79 87.8269195557 18.1139755249
275.5 -79 88.231552124 18.0355949402
276 -79 88.6997680664 17.9432945251
276.5 -79 89.2038192749 17.8376636505
277 -79 89.7048568726 17.7208824158
277.5 -79 90.1930770874 17.5954418182
278 -79 90.6446075439 17.4658699036
278.5 -79 91.0437774658 17.3337879181
279 -79 91.3781661987 17.2039527893
279.5 -79 91.6428375244 17.0808162689
280 -79 91.8308868408 16.9679145813
280.5 -79 91.9466018677 16.8698177338
281 -79 91.9781646729 16.7860088348
281.5 -79 91.9320449829 16.7204837799
282 -79 91.811882019 16.6750679016
282.5 -79 91.6194839478 16.6519317627
283 -79 91.3566894531 16.6523971558
283.5 -79 91.0263824463 16.6777610779
284 -79 90.6311264038 16.7273197174
284.5 -79 90.1795806885 16.8024272919
285 -79 89.6642303467 16.9004459381
285.5 -79 89.09009552 17.0213108063
286 -79 88.4534683228 17.1593608856
286.5 -79 87.7710952759 17.3131732941
287 -79 87.0475387573 17.4778194427
287.5 -79 86.287399292 17.6471786499
288 -79 85.4982147217 17.8166065216
288.5 -79 84.6910705566 17.9798202515
289 -79 83.88230896 18.1312942505
289.5 -79 83.0826568604 18.2657966614
290 -79 82.2909927368 18.383600235
272 -79.5 84.8151092529 17.785161972
272.5 -79.5 84.5717391968 17.7941932678
273 -79.5 84.4762649536 17.796754837
273.5 -79.5 84.5355911255 17.7927398682
274 -79.5 84.7378692627 17.7805290222
274.5 -79.5 85.0710220337 17.7555961609
275 -79.5 85.5134353638 17.7164516449
275.5 -79.5 86.0546035767 17.6603164673
276 -79.5 86.6717071533 17.5866413116
276.5 -79.5 87.3433380127 17.4939289093
277 -79.5 88.0448226929 17.3833274841
277.5 -79.5 88.7551498413 17.2560462952
278 -79.5 89.4560852051 17.1141090393
278.5 -79.5 90.1331939697 16.9612140656
279 -79.5 90.7715530396 16.8025360107
279.5 -79.5 91.3588562012 16.642408371
280 -79.5 91.8871154785 16.4871749878
280.5 -79.5 92.3481292725 16.3426818848
281 -79.5 92.7356719971 16.2135887146
281.5 -79.5 93.0439147949 16.1051921844
282 -79.5 93.2638778687 16.0214138031
282.5 -79.5 93.3964767456 15.9677934647
283 -79.5 93.4281692505 15.9462337494
283.5 -79.5 93.3534011841 15.9583826065
284 -79.5 93.1607208252 16.0040016174
284.5 -79.5 92.8535385132 16.0851554871
285 -79.5 92.4275665283 16.1985473633
285.5 -79.5 91.8824920654 16.3418483734
286 -79.5 91.2176361084 16.510433197
286.5 -79.5 90.4412765503 16.7006130219
287 -79.5 89.5588607788 16.9042930603
287.5 -79.5 88.5795440674 17.1146736145
288 -79.5 87.5193634033 17.325510025
288.5 -79.5 86.3923721313 17.5289382935
289 -79.5 85.2227706909 17.7169342041
289.5 -79.5 84.0250473022 17.8860416412
290 -79.5 82.8170776367 18.0299797058
290.5 -79.5 81.6162338257 18.1486911774
291 -79.5 80.4465408325 18.2373771667
272 -80 79.5976791382 17.0528755188
272.5 -80 79.4556274414 17.0702209473
273 -80 79.4340057373 17.0954627991
273.5 -80 79.5292205811 17.1268558502
274 -80 79.738609314 17.1606464386
274.5 -80 80.054649353 17.1922969818
275 -80 80.4684677124 17.219587326
275.5 -80 80.9717025757 17.2387275696
276 -80 81.5501861572 17.2472858429
276.5 -80 82.1905975342 17.2429237366
277 -80 82.8792800903 17.2245883942
277.5 -80 83.6017456055 17.1909866333
278 -80 84.3419494629 17.1430072784
278.5 -80 85.0867233276 17.0811195374
279 -80 85.8230895996 17.0083065033
279.5 -80 86.5338668823 16.9274463654
280 -80 87.2082824707 16.8422412872
280.5 -80 87.832321167 16.7569675446
281 -80 88.395324707 16.6761226654
281.5 -80 88.8829956055 16.6040935516
282 -80 89.2838745117 16.5460090637
282.5 -80 89.5885467529 16.5044384003
283 -80 89.7896728516 16.4836044312
283.5 -80 89.8769760132 16.4851512909
284 -80 89.8424682617 16.5103912354
284.5 -80 89.6814117432 16.5606899261
285 -80 89.3881607056 16.6346664429
285.5 -80 88.9644393921 16.7306270599
286 -80 88.4095993042 16.8443832397
286.5 -80 87.7299804688 16.9733467102
287 -80 86.9344406128 17.1123428345
287.5 -80 86.0330657959 17.2556838989
288 -80 85.0457305908 17.3969535828
288.5 -80 83.9836044312 17.5325527191
289 -80 82.861656189 17.6583690643
289.5 -80 81.7050323486 17.768787384
290 -80 80.5379714966 17.8590373993
290.5 -80 79.3684539795 17.9294834137
291 -80 78.2206726074 17.9774188995
272.5 -80.5 73.9471817017 16.1596088409
273 -80.5 73.8851165771 16.2032909393
273.5 -80.5 73.9051208496 16.2599086761
274 -80.5 73.9976654053 16.3280830383
274.5 -80.5 74.1665725708 16.4046554565
275 -80.5 74.4124145508 16.4852161407
275.5 -80.5 74.726776123 16.567943573
276 -80.5 75.1045455933 16.6507644653
276.5 -80.5 75.5387802124 16.7311000824
277 -80.5 76.0239257812 16.8075561523
277.5 -80.5 76.549079895 16.8787155151
278 -80.5 77.1064453125 16.9431304932
278.5 -80.5 77.6848602295 17.0003738403
279 -80.5 78.2754364014 17.0499477386
279.5 -80.5 78.8630065918 17.0916786194
280 -80.5 79.4357833862 17.1262359619
280.5 -80.5 79.981010437 17.1545753479
281 -80.5 80.4860534668 17.1785411835
281.5 -80.5 80.9364929199 17.1991901398
282 -80.5 81.3217315674 17.2189311981
282.5 -80.5 81.6298980713 17.238363266
283 -80.5 81.8530044556 17.2602748871
283.5 -80.5 81.9816741943 17.2847290039
284 -80.5 82.0096054077 17.3129329681
284.5 -80.5 81.9313812256 17.345287323
285 -80.5 81.7433547974 17.3810214996
285.5 -80.5 81.4514694214 17.4193916321
286 -80.5 81.0534439087 17.4601039886
286.5 -80.5 80.55052948 17.5031204224
287 -80.5 79.9548721313 17.5452041626
287.5 -80.5 79.279548645 17.5851631165
288 -80.5 78.5382156372 17.6212730408
288.5 -80.5 77.7422866821 17.6520042419
289 -80.5 76.9139175415 17.673871994
289.5 -80.5 76.059387207 17.6892108917
290 -80.5 75.2007675171 17.6961288452
290.5 -80.5 74.3534469604 17.6940422058
274.5 -81 68.8562240601 15.5549297333
275 -81 68.8990859985 15.6425943375
275.5 -81 68.9907608032 15.7384805679
276 -81 69.1295700073 15.8409557343
276.5 -81 69.3130569458 15.9496707916
277 -81 69.5381317139 16.0624885559
277.5 -81 69.7997741699 16.1775798798
278 -81 70.0930557251 16.293680191
278.5 -81 70.4102706909 16.4077701569
279 -81 70.7465591431 16.520149231
279.5 -81 71.0900726318 16.6280097961
280 -81 71.4342880249 16.7312870026
280.5 -81 71.7679290771 16.8283786774
281 -81 72.08228302 16.9186038971
281.5 -81 72.3667984009 17.0018634796
282 -81 72.610748291 17.0767917633
282.5 -81 72.8054962158 17.1434955597
283 -81 72.9445266724 17.2014064789
283.5 -81 73.0231628418 17.2514019012
284 -81 73.0362014771 17.2934818268
284.5 -81 72.9784927368 17.3276767731
285 -81 72.8489685059 17.3532161713
285.5 -81 72.6501159668 17.3714523315
286 -81 72.3898468018 17.3805351257
286.5 -81 72.063369751 17.384677887
287 -81 71.6847000122 17.38230896
287.5 -81 71.2619857788 17.3737106323
288 -81 70.8062362671 17.3596553802
288.5 -81 70.3289642334 17.3418884277
